prompt,completion,pred,eval
,,"[""No""]",
